4
1 10 960 1 0
0 640 10 0 0
0 640 960 630 0
950 640 960 0 0
28
230 85 290 70 4
300 85 360 70 4
370 85 430 70 4
440 85 500 70 4
510 85 570 70 4
580 85 640 70 4
650 85 710 70 4
230 110 290 95 4
300 110 360 95 4
370 110 430 95 4
440 110 500 95 4
510 110 570 95 4
580 110 640 95 4
650 110 710 95 4
230 145 290 130 4
300 145 360 130 4
370 145 430 130 4
440 145 500 130 4
510 145 570 130 4
580 145 640 130 4
650 145 710 130 4
230 175 290 160 4
300 175 360 160 4
370 175 430 160 4
440 175 500 160 4
510 175 570 160 4
580 175 640 160 4
650 175 710 160 4
