4
0 640 0 0 0
0 0 960 0 0
0 623 960 623 1
960 640 960 0 0
36
60 118 130 80 1
130 118 200 80 1
200 118 270 80 2
270 118 340 80 1
340 118 410 80 2
410 118 480 80 1
480 118 550 80 1
550 118 620 80 2
620 118 690 80 1
690 118 760 80 2
760 118 830 80 1
830 118 900 80 1
60 168 130 130 1
130 168 200 130 1
200 168 270 130 2
270 168 340 130 1
340 168 410 130 2
410 168 480 130 1
480 168 550 130 1
550 168 620 130 2
620 168 690 130 1
690 168 760 130 2
760 168 830 130 1
830 168 900 130 1
60 218 130 180 1
130 218 200 180 1
200 218 270 180 2
270 218 340 180 1
340 218 410 180 2
410 218 480 180 1
480 218 550 180 2
550 218 620 180 2
620 218 690 180 1
690 218 760 180 2
760 218 830 180 1
830 218 900 180 1
