4
0 10 960 0 0
0 640 10 0 0
0 640 960 630 1
950 640 960 0 0
52
20 35 80 20 2
90 35 150 20 2
160 35 220 20 2
230 35 290 20 2
300 35 360 20 2
370 35 430 20 2
440 35 500 20 2
510 35 570 20 2
580 35 640 20 2
650 35 710 20 2
720 35 780 20 2
790 35 850 20 2
860 35 920 20 2
20 60 80 45 1
90 60 150 45 1
160 60 220 45 1
230 60 290 45 1
300 60 360 45 1
370 60 430 45 1
440 60 500 45 1
510 60 570 45 1
580 60 640 45 1
650 60 710 45 1
720 60 780 45 1
790 60 850 45 1
860 60 920 45 1
20 85 80 70 1
90 85 150 70 1
160 85 220 70 1
230 85 290 70 1
300 85 360 70 1
370 85 430 70 1
440 85 500 70 1
510 85 570 70 1
580 85 640 70 1
650 85 710 70 1
720 85 780 70 1
790 85 850 70 1
860 85 920 70 1
20 110 80 95 1
90 110 150 95 1
160 110 220 95 1
230 110 290 95 1
300 110 360 95 1
370 110 430 95 1
440 110 500 95 1
510 110 570 95 1
580 110 640 95 1
650 110 710 95 1
720 110 780 95 1
790 110 850 95 1
860 110 920 95 1
