4
0 640 0 0 0
0 0 960 0 0
0 640 960 640 1
960 640 960 0 0
88
60 68 130 30 4
130 68 200 30 4
200 68 270 30 3
270 68 340 30 1
340 68 410 30 2
410 68 480 30 1
480 68 550 30 1
550 68 620 30 2
620 68 690 30 1
690 68 760 30 3
760 68 830 30 4
830 68 900 30 4
60 118 130 80 1
130 118 200 80 4
200 118 270 80 3
270 118 340 80 1
340 118 410 80 2
410 118 480 80 1
480 118 550 80 1
550 118 620 80 2
620 118 690 80 1
690 118 760 80 3
760 118 830 80 4
830 118 900 80 1
60 168 130 130 1
130 168 200 130 1
200 168 270 130 3
270 168 340 130 4
340 168 410 130 4
550 168 620 130 2
620 168 690 130 1
690 168 760 130 3
760 168 830 130 1
830 168 900 130 4
60 218 130 180 1
130 218 200 180 1
200 218 270 180 3
270 218 340 180 4
620 218 690 180 1
690 218 760 180 3
760 218 830 180 4
830 218 900 180 1
60 268 130 230 1
130 268 200 230 1
200 268 270 230 3
410 268 480 230 1
480 268 550 230 4
690 268 760 230 3
760 268 830 230 4
830 268 900 230 1
60 318 130 280 4
130 318 200 280 4
340 318 410 280 4
410 318 480 280 3
480 318 550 280 3
550 318 620 280 4
760 318 830 280 4
830 318 900 280 1
60 368 130 330 1
270 368 340 330 4
340 368 410 330 2
410 368 480 330 4
480 368 550 330 4
550 368 620 330 4
620 368 690 330 4
830 368 900 330 2
60 418 130 380 3
200 418 270 380 4
270 418 340 380 4
340 418 410 380 4
410 418 480 380 3
480 418 550 380 4
550 418 620 380 4
620 418 690 380 1
690 418 760 380 4
830 418 900 380 3
60 468 130 430 4
130 468 200 430 2
200 468 270 430 3
270 468 340 430 4
340 468 410 430 4
410 468 480 430 4
480 468 550 430 4
550 468 620 430 2
620 468 690 430 4
690 468 760 430 3
760 468 830 430 4
830 468 900 430 1
