4
0 640 0 0 0
0 0 960 0 0
0 623 960 623 1
960 640 960 0 0
46
60 118 130 80 2
130 118 200 80 1
760 118 830 80 1
830 118 900 80 2
60 168 130 130 3
130 168 200 130 4
200 168 270 130 2
690 168 760 130 2
760 168 830 130 1
830 168 900 130 3
60 218 130 180 2
130 218 200 180 1
200 218 270 180 2
270 218 340 180 1
620 218 690 180 1
690 218 760 180 2
760 218 830 180 4
830 218 900 180 2
60 268 130 230 3
130 268 200 230 1
200 268 270 230 4
270 268 340 230 1
340 268 410 230 2
550 268 620 230 2
620 268 690 230 1
690 268 760 230 2
760 268 830 230 1
830 268 900 230 3
60 318 130 280 2
130 318 200 280 4
200 318 270 280 2
270 318 340 280 1
620 318 690 280 4
690 318 760 280 2
760 318 830 280 1
830 318 900 280 2
60 368 130 330 3
130 368 200 330 4
200 368 270 330 4
690 368 760 330 2
760 368 830 330 1
830 368 900 330 3
60 418 130 380 2
130 418 200 380 1
760 418 830 380 1
830 418 900 380 2
