4
0 640 0 0 0
0 0 960 0 0
0 623 960 623 1
960 640 960 0 0
48
60 118 130 80 3
130 118 200 80 1
200 118 270 80 2
270 118 340 80 1
340 118 410 80 4
410 118 480 80 1
480 118 550 80 1
550 118 620 80 2
620 118 690 80 1
690 118 760 80 2
760 118 830 80 4
830 118 900 80 3
60 168 130 130 3
130 168 200 130 1
200 168 270 130 2
270 168 340 130 1
340 168 410 130 2
410 168 480 130 1
480 168 550 130 4
550 168 620 130 2
620 168 690 130 1
690 168 760 130 2
760 168 830 130 4
830 168 900 130 3
60 218 130 180 3
130 218 200 180 1
200 218 270 180 2
270 218 340 180 4
340 218 410 180 2
410 218 480 180 1
480 218 550 180 1
550 218 620 180 2
620 218 690 180 1
690 218 760 180 2
760 218 830 180 1
830 218 900 180 3
60 268 130 230 3
130 268 200 230 4
200 268 270 230 2
270 268 340 230 1
340 268 410 230 2
410 268 480 230 1
480 268 550 230 1
550 268 620 230 2
620 268 690 230 1
690 268 760 230 2
760 268 830 230 1
830 268 900 230 3
