4
0 640 0 0 0
0 0 960 0 0
0 640 960 640 1
960 640 960 0 0
56
60 68 130 30 1
130 68 200 30 1
200 68 270 30 3
270 68 340 30 1
340 68 410 30 2
410 68 480 30 1
480 68 550 30 1
550 68 620 30 2
620 68 690 30 1
690 68 760 30 3
760 68 830 30 1
830 68 900 30 1
60 118 130 80 1
130 118 200 80 1
200 118 270 80 3
270 118 340 80 1
340 118 410 80 2
410 118 480 80 1
480 118 550 80 1
550 118 620 80 2
620 118 690 80 1
690 118 760 80 3
760 118 830 80 1
830 118 900 80 1
60 168 130 130 1
130 168 200 130 1
200 168 270 130 3
270 168 340 130 1
340 168 410 130 2
550 168 620 130 2
620 168 690 130 1
690 168 760 130 3
760 168 830 130 1
830 168 900 130 1
60 218 130 180 1
130 218 200 180 1
200 218 270 180 3
270 218 340 180 1
620 218 690 180 1
690 218 760 180 3
760 218 830 180 1
830 218 900 180 1
60 268 130 230 1
130 268 200 230 1
200 268 270 230 3
690 268 760 230 3
760 268 830 230 1
830 268 900 230 1
60 318 130 280 1
130 318 200 280 1
760 318 830 280 1
830 318 900 280 1
60 368 130 330 1
830 368 900 330 1
60 418 130 380 3
830 418 900 380 3
