4
0 640 0 0 0
0 0 960 0 0
0 623 960 623 1
960 640 960 0 0
54
130 68 200 30 1
200 68 270 30 3
270 68 340 30 1
340 68 410 30 2
410 68 480 30 1
480 68 550 30 1
550 68 620 30 2
620 68 690 30 1
690 68 760 30 3
760 68 830 30 1
130 118 200 80 1
200 118 270 80 3
270 118 340 80 1
340 118 410 80 2
410 118 480 80 1
480 118 550 80 1
550 118 620 80 2
620 118 690 80 1
690 118 760 80 3
760 118 830 80 1
130 168 200 130 1
200 168 270 130 3
270 168 340 130 1
340 168 410 130 2
410 168 480 130 1
480 168 550 130 1
550 168 620 130 2
620 168 690 130 1
690 168 760 130 3
760 168 830 130 1
200 218 270 180 3
270 218 340 180 1
340 218 410 180 2
410 218 480 180 1
480 218 550 180 1
550 218 620 180 2
620 218 690 180 1
690 218 760 180 3
270 268 340 230 1
340 268 410 230 2
410 268 480 230 1
480 268 550 230 1
550 268 620 230 2
620 268 690 230 1
270 318 340 280 1
340 318 410 280 2
410 318 480 280 1
480 318 550 280 1
550 318 620 280 2
620 318 690 280 1
340 368 410 330 2
410 368 480 330 1
480 368 550 330 1
550 368 620 330 2
