4
0 640 0 0 0
0 0 960 0 0
0 623 960 623 1
960 640 960 0 0
66
60 118 130 80 3
130 118 200 80 3
200 118 270 80 2
270 118 340 80 1
340 118 410 80 2
410 118 480 80 3
480 118 550 80 3
550 118 620 80 2
620 118 690 80 1
690 118 760 80 2
760 118 830 80 3
830 118 900 80 3
130 168 200 130 1
200 168 270 130 3
270 168 340 130 1
340 168 410 130 2
410 168 480 130 1
480 168 550 130 1
550 168 620 130 2
620 168 690 130 1
690 168 760 130 3
760 168 830 130 1
200 218 270 180 2
270 218 340 180 1
340 218 410 180 2
410 218 480 180 1
480 218 550 180 1
550 218 620 180 2
620 218 690 180 1
690 218 760 180 2
270 268 340 230 1
340 268 410 230 2
410 268 480 230 3
480 268 550 230 3
550 268 620 230 2
620 268 690 230 1
200 318 270 280 2
270 318 340 280 1
340 318 410 280 2
410 318 480 280 1
480 318 550 280 1
550 318 620 280 2
620 318 690 280 1
690 318 760 280 2
130 368 200 330 1
200 368 270 330 2
270 368 340 330 1
340 368 410 330 2
410 368 480 330 1
480 368 550 330 1
550 368 620 330 2
620 368 690 330 1
690 368 760 330 2
760 368 830 330 1
60 418 130 380 2
130 418 200 380 1
200 418 270 380 2
270 418 340 380 1
340 418 410 380 2
410 418 480 380 1
480 418 550 380 1
550 418 620 380 2
620 418 690 380 1
690 418 760 380 2
760 418 830 380 1
830 418 900 380 2
