4 1 10 960 1 0 0 640 10 0 0 0 640 960 630 0 950 640 960 0 0
54
165 203 235 165 4
235 203 305 165 4
305 203 375 165 4
375 203 445 165 4
445 203 515 165 4
515 203 585 165 4
585 203 655 165 4
655 203 725 165 4
725 203 795 165 4
165 241 235 203 4
235 241 305 203 4
305 241 375 203 4
375 241 445 203 4
445 241 515 203 4
515 241 585 203 4
585 241 655 203 4
655 241 725 203 4
725 241 795 203 4
165 279 235 241 4
235 279 305 241 4
305 279 375 241 4
375 279 445 241 4
445 279 515 241 4
515 279 585 241 4
585 279 655 241 4
655 279 725 241 4
725 279 795 241 4
165 317 235 279 4
235 317 305 279 4
305 317 375 279 4
375 317 445 279 4
445 317 515 279 4
515 317 585 279 4
585 317 655 279 4
655 317 725 279 4
725 317 795 279 4
165 355 235 317 4
235 355 305 317 4
305 355 375 317 4
375 355 445 317 4
445 355 515 317 4
515 355 585 317 4
585 355 655 317 4
655 355 725 317 4
725 355 795 317 4
165 393 235 355 4
235 393 305 355 4
305 393 375 355 4
375 393 445 355 4
445 393 515 355 4
515 393 585 355 4
585 393 655 355 4
655 393 725 355 4
725 393 795 355 4
